00000000000000000000000000000000000000000000000000
00000000000000000001100000000000000000000000000000
00000000000000000111110001100000000000000000000000
00000000000000001110011111110000000000000000000000
00000000000000001100000110010000001111110000000000
00000000000000001100001110011111111011011000000000
00000000000000001100001000001101110000011000000000
00000000000000011000000001100000011110011000000000
00000000000000010000000011111100000000001000000000
00000000011101111001110000011110000000001100000000
00000000110111111101100000000010000000000110000000
00000011110000000001100000001110000000000010000000
00000010000000000001000010001000000111001111000000
00000110011110001001010101011000000100111111100000
00001110010011001001111111110000000000000011110000
00001000000010101000111110000000000000000000010000
00001100000000011000111100000000010000000111100000
00001000000000011100111111010000100100000101100000
00001110000000001100111011010101101100000001110000
00000110000010001100110001111111001011000000010000
00000100001110000110110000001011011111000000110000
00000100000111000010100000001110111111011001000000
00001100000001100011100000001101111110111001000000
00001000000111110011110000001111100011101111000000
00001100000001111001110000011110000000000000000000
00000110000000101111110000011100000000000000000000
00000011101111100011110000011100000000000000000000
00000001101000000001111000111000000000000000000000
00000000111000000000011100110000000000000000000000
00000000000000000000001111110000000000000000000000
00000000000000000000001111100000000000000000000000
00000000000000000000000111100000000000000000000000
00000000000000000000000011100000000000000000000000
00000000000000000000000011100000000000000000000000
00000000000000000000000011100000000000000000000000
00000000000000000000000011100000000000000000000000
00000000000000000000000011100000000000000000000000
00000000000000000000000011100000000000000000000000
00000000000000000000000011100000000000000000000000
00000000000000000000000011100000000000000000000000
00000000000000000000000011100000000000000000000000
00000000000000000000000011100000000000000000000000
00000000000000000000000011100000000000000000000000
00000000000000000000000011000000000000000000000000
00000000000000000000000111000000000000000000000000
00000000000000000000000111000000000000000000000000
00000000000000000000000111100000000000000000000000
00000000000000000111111111111111100000000000000000
00000000000011111111111111111111111111000000000000
00000000000000000000000000000000000000000000000000
