0.01 1
0.0115 0.999921
0.013225 0.999605
0.0152087 0.999447
0.0174901 0.998736
0.0201136 0.997235
0.0231306 0.994311
0.0266002 0.989096
0.0305902 0.977481
0.0351788 0.966103
0.0404556 0.947772
0.0465239 0.914981
0.0535025 0.877982
0.0615279 0.842446
0.0707571 0.791561
0.0813706 0.751501
0.0935762 0.715232
0.107613 0.679556
0.123755 0.650158
0.142318 0.59815
0.163665 0.557756
0.188215 0.472581
0.216447 0.0764717
0.248915 0.0360811
0.286252 0.0550959
0.32919 0.000803912
0.378568 0.0258977
0.435353 0.017739
0.500656 0.0217484
0.575755 0.00148749
0.662118 0.0491517
0.761435 0.0149467
0.875651 0.013378
