0.01 0.999921
0.0115 0.999763
0.013225 0.999842
0.0152087 0.999763
0.0174901 0.999131
0.0201136 0.997709
0.0231306 0.995101
0.0266002 0.988938
0.0305902 0.978034
0.0351788 0.965866
0.0404556 0.944374
0.0465239 0.918516
0.0535025 0.879899
0.0615279 0.844185
0.0707571 0.79164
0.0813706 0.759956
0.0935762 0.720408
0.107613 0.681215
0.123755 0.638085
0.142318 0.600322
0.163665 0.545559
0.188215 0.233799
0.216447 0.0897547
0.248915 0.022279
0.286252 0.0164298
0.32919 0.0115447
0.378568 0.0108945
0.435353 0.00516273
0.500656 0.0196107
0.575755 0.00446755
0.662118 0.00032258
0.761435 0.0163733
0.875651 0.00577671
