0.01 1
0.0115 1
0.013225 0.999921
0.0152087 0.999842
0.0174901 0.999052
0.0201136 0.997472
0.0231306 0.994943
0.0266002 0.987437
0.0305902 0.979851
0.0351788 0.963654
0.0404556 0.943426
0.0465239 0.915376
0.0535025 0.881874
0.0615279 0.842288
0.0707571 0.792588
0.0813706 0.751007
0.0935762 0.719401
0.107613 0.674973
0.123755 0.636622
0.142318 0.582419
0.163665 0.557167
0.188215 0.467346
0.216447 0.35887
0.248915 0.0162087
0.286252 0.0062508
0.32919 0.0225973
0.378568 0.0332663
0.435353 0.0117006
0.500656 0.00895539
0.575755 0.0084023
0.662118 0.0139963
0.761435 0.00137731
0.875651 0.0153736
