1 1 0.0025
2 1 0.005
3 1 0.0075
4 1 0.01
5 1 0.0125
6 1 0.015
7 1 0.0175
8 1 0.02
9 1 0.0225
10 1 0.025
11 1 0.0275
12 1 0.03
13 1 0.0325
14 1 0.035
15 1 0.0375
16 1 0.04
17 1 0.0425
18 1 0.045
19 1 0.0475
20 1 0.05
21 1 0.0525
22 1 0.055
23 1 0.0575
24 1 0.06
25 1 0.0625
26 1 0.065
27 1 0.0675
28 1 0.07
29 1 0.0725
30 1 0.075
31 1 0.0775
32 1 0.08
33 1 0.0825
34 1 0.085
35 1 0.0875
36 1 0.09
37 1 0.0925
38 1 0.095
39 1 0.0975
40 1 0.1
41 1 0.1025
42 1 0.105
43 1 0.1075
44 1 0.11
45 1 0.1125
46 1 0.115
47 1 0.1175
48 1 0.12
49 1 0.1225
50 1 0.125
51 0.941176 0.1275
52 0.961538 0.13
53 1 0.1325
54 0.944444 0.135
55 0.963636 0.1375
56 0.875 0.14
57 0.842105 0.1425
58 0.896552 0.145
59 1 0.1475
60 0.766667 0.15
61 0.918033 0.1525
62 0.951613 0.155
63 0.857143 0.1575
64 0.828125 0.16
65 0.738462 0.1625
66 0.621212 0.165
67 0.716418 0.1675
68 0.705882 0.17
69 0.57971 0.1725
70 0.542857 0.175
71 0.704225 0.1775
72 0.583333 0.18
73 0.589041 0.1825
74 0.364865 0.185
75 0.56 0.1875
76 0.526316 0.19
77 0.376623 0.1925
78 0.410256 0.195
79 0.164557 0.1975
80 0.275 0.2
81 0.197531 0.2025
82 0.341463 0.205
83 0.168675 0.2075
84 0.130952 0.21
85 0.117647 0.2125
86 0.186047 0.215
87 0.298851 0.2175
88 0.159091 0.22
89 0.0898876 0.2225
90 0.0888889 0.225
91 0.142857 0.2275
92 0.0869565 0.23
93 0.0537634 0.2325
94 0.0851064 0.235
95 0.0421053 0.2375
96 0.03125 0.24
97 0.0412371 0.2425
98 0.0102041 0.245
99 0.030303 0.2475
100 0.06 0.25
