00000000000000000000000000000000000000000000000000
00000000000000000000000000000000000000000000000000
00000000000000000000000000000000000000000000000000
00000000000000000000000000000000000000000000000000
00000000000000000000000001100000000000000000000000
00000000000000000000000001110000000000000000000000
00000000000000000000000001011000000000000000000000
00000000000000000000000001001100001111000000000000
00000000000000000000000001000111111110000000000000
00000000000000000000000001000011000110000000000000
00000000000000000000000001000000000100000000000000
00000000000000000000000001000000001000000000000000
00000000000000000000000011000000001000000000000000
00000000000000000000001100000000001100000000000000
00000000000000000000011000000000000110000000000000
00000000000000000000111000000000000011000000000000
00000000000000000000001111100001111111000000000000
00000000000000000000000000110010000011000000000000
00000000001100000000000000010110000000000000000000
00000000001110000000000000010100000000000000000000
00000000011010000000000000011100000000000000000000
00000000011011000000000000001000000000000000000000
00000000010001000000000000000000000000000000000000
00000000010001100000000000000000000000000000000000
00000000110000100000000000000000000010000000000000
00000011110000011110000000000000000011000000000000
00111111000000000011111000000000000111000000000000
00111000000000000000011000000000000101100000000000
00000111000000000001110000000000000100110000000000
00000001000000000111000000000000000100110000000000
00000001000000000100000000000000001100011110000000
00000001000100001100000000000000001100001111111100
00000001001110000100000000000011111000000000011100
00000011011011000100000000011111000000000000011000
00000010110001100100000000001110000000000000110000
00000011100000110100000000000011000000000011100000
00000011000000011100000000000000110000000011000000
00000010000000001100000000000000110000000011000000
00000000000000000000000000000000100001000011000000
00000000000000000000000000000000100011110011000000
00000000000000000000000000000000101110011001000000
00000000000000000000000000000000111100001111000000
00000000000000000000000000000000110000000011000000
00000000000000000000000000000000100000000000000000
00000000000000000000000000000000000000000000000000
00000000000000000000000000000000000000000000000000
00000000000000000000000000000000000000000000000000
00000000000000000000000000000000000000000000000000
00000000000000000000000000000000000000000000000000
00000000000000000000000000000000000000000000000000
