1111111111111111111111111111111111111111111111111111111111111111111111111111111111111111111111111111
1111111111111111111111111111111111111111111111111111111111111111111111111111111111111111111111111111
1111111111111111111111111111111111111111111111011111111111101111111111111111111111111111111111111111
1111111111111111111111111111111111111110011111111111111111001111111111111111111111111111111111111111
1111111111111111111111111111111111111111101111001011111111011111111111111111111111111111111111111111
1111111111111111111111111111111111111111110111001011111110111111111111111111111111111111111111111111
1111111111111111111111111111111111111111111011001001110100111111111111111111111111111111111111111111
1111111111111111111111111111111111111111111000000001101000000011111111111111111111111111111111111111
1111111111111111111111111111111111111111000001001111101101111000011111111111111111111111111111111111
1111111111111111111111111111111111111110101111111111111101111111000111111111111111111111111111111111
1111111111111111111111111111111111111001111111111111111111111111110001111111111111111111111111111111
1111111111111111111111111111111111100111111111111111111111111111111100111111111111111111111111111111
1111111111111111111111111111111111001111111111111111111111111111111110011111111111111111111111111111
1111111111111111111111111111111110111111111111111111111111111111111111101111111111111111111111111111
1111111111111111111111111111111101111111111111111111111111111111111111110111111111111111111111111111
1111111111111111111111111111111011111111111111111111111111111111111111111011111111111111111111111111
1111111111111111111111111111110111111111111111111111111111000000111111111001111111111111111111111111
1111111111111111111111111111101111100001100001111111111000111111000111111101111111111111111111111111
1111111111111111111111111111001110011111111110011111110111111111111001111110111111111111111111111111
1111111111111111111111111111011101111111111111101111001111111111111100111110111111111111111111111111
1111111111111111111111111110111011110000000011110010111110000000011111011111011111111111111111111111
1111111111111111111111111110110111000000000000111001111000000000000111101111011111111111111111111111
1111111111111111111111111111101110000011111100011111110001111111100011101111101111111111111111111111
1111111111111111111111111101101100011111111111001111100111111111111001110111101111111111111111111111
1111111111111111111111111101011000111111111111101111001111111111111100110011101111111111111111111111
1111111111111111111111111101011001111111111111100111001111111111111110111001101111111111111111111111
1111111111111111111111111000011011111111011111110111011111000011111110011000000111111111111111111111
1111111111111111111111111000110011111100000111110111011110000001111111011000000011111111111111111111
1111111111111111111111110000110011111000000011111110011110011000111111011000000011111111111111111111
1111111111111111111111110000110011111001100011111111011100011000111111011000000011111111111111111111
1111111111111111111111110000110011111001100011110111011110011000111111011000000011111111111111111111
1111111111111111111111110000111011111000000111110111011110000001111110111000000011111111111111111111
1111111111111111111111110000111011111100001111110111011111000011111110111000000011111111111111111111
1111111111111111111111110000011001111111111111101111101111111111111101110011110111111111111111111111
1111111111111111111111111011011100111111111111101111110111111111111001110111110111111111111111111111
1111111111111111111111111111101110011111111110011111111011111111110011101111110111111111111111111111
1111111111111111111111111111110111000111111100111000111100111111000111011111110111111111111111111111
1111111111111111111111111111110011100000000011110010011111000000011110011111110111111111111111111111
1111111111111111111111111111111001111110111111100111001111111111111100111111110111111111111111111111
1111111111111111111111111111111100111111111110011111110011111111110011111111110111111111111111111111
1111111111111111111111111111111111000111110001111111111100001100001111111111111111111111111111111111
1111111111111111111111111111111111111000001111111111111111111111111111111111111111111111111111111111
1111111111111111111111111111111111111111111111111111111111111111111111111111111111111111111111111111
1111111111111111111111111111111111111111111111111111111111111111111111111111111111111111111111111111
1111111111111111111111111111111111111111111111111111111111111111111111111111111111111111111111111111
1111111111111111111111111111111111111111111111111111111111111111111111111111111111111111111111111111
1111111111111111111111111111111111111111111111111111111111111111111111111111111111111111111111111111
1111111111111111111111111111111111111111111111111111111111111111111111111111111111111111111111111111
1111111111111111111111111111111111111111111111110000011111111111111111111111111111111111111111111111
1111111111111111111111111111111111111111111111110000011111111111111111111111111111111111111111111111
1111111111111111111111111111111111111111111111100000001111111111111111111111111111111111111111111111
1111111111111111111111111111111111111111111111100000001111111111111111111111110111111111111111111111
1111111111111111111111111111111111111111111111100000001111111111111111111111110111111111111111111111
1111111111111111111111111111111111111111111111100000001111111111111111111111110111111111111111111111
1111111111111111111111111011111111111111111111100000001111111111111111111111110111111111111111111111
1111111111111111111111111000111111111111111111110000011111111111111111111111110111111111111111111111
1111111111111111111111110000011111111111111111111111111111111111111111111111000011111111111111111111
1111111111111111111111110000000111111111111111111111111111111111111111111100000001111111111111111111
1111111111111111111111110000000000111111111111111111111111111111111111100000000001111111111111111111
1111111111111111111111110000000000000000000000000000000000000000000000000000000001111111111111111111
1111111111111111111111110000000000000000000000000000000000000000000000000000000001111111111111111111
1111111111111111111111110000000011100000000000000000000000000000000000000000000001111111111111111111
1111111111111111111111111111000011100000000000000000000000000000000011100000011101111111111111111111
1111111111111111111111111110110000000000000000000000000000000000000011100011111101111111111111111111
1111111111111111111111110110111000000000000000000000000000000000000000001111111101111111111111111111
1111111111111111111111110110111000000000000000000000000000000000000000011111101101111111111111111111
1111111111111111111111110110111100000000000100000000000000000000000000011111111111111111111111111111
1111111111111111111111110110111100000000000000000000000000000000000000011111111110111111111111111111
1111111111111111111111110110111100000000000000000010000000000000000000011111110110111111111111111111
1111111111111111111111110110111100000000000000000111100000000000000000011111110110111111111111111111
1111111111111111111111110110111100000000000000001100110000000000000000011111100110111111111111111111
1111111111111111111111101111111100000000000000011000000000000000000000011111100110111111111111111111
1111111111111111111111101110111100000000000100011000011000000000000000011111100110111111111111111111
1111111111111111111111101110000000000000000100001100110000000000000000011110000110111111111111111111
1111111111111111111111101110000000000000000100000111100000000000000000000000000110111111111111111111
1111111111111111111111101110000000000000000010000011000000000000000000000000000110111111111111111111
1111111111111111111111101110000000000000000001000000000000000000000000000000000110111111111111111111
1111111111111111111111101110000000000000000000110000000000000000000000000000000110111111111111111111
1111111111111111111111101110000000000000000000000000000000000000000000000000000110111111111111111111
1111111111111111111111101110000000000000000000000000000000000000000000000000000110111111111111111111
1111111111111111111111001111000000000000000000000000000000000000000000000000000110111111111111111111
1111111111111111111111000000000000000000000000000000000000000000000000000000000010111111111111111111
1111111111111111111111100000000000000000000000000000000000000000000000000000000000111111111111111111
1111111111111111111111100000000000000000000000000000000000000000000000000000000000011111111111111111
1111111111111111111111100000000000000000000000000000000000000000000000000000000000011111111111111111
1111111111111111111111100000000000000000000000000000000000000000000000000000000000011111111111111111
1111111111111111111111100000000000000000000000000000000000000000000000000000000000111111111111111111
1111111111111111111111100000000000000000000000000000000000000000000000000000000000111111111111111111
1111111111111111111111100000000000011100000000000000000000000000000010000000000000111111111111111111
1111111111111111111111110000000000011111000000000000000000000000111110000000000000111111111111111111
1111111111111111111111110000000000011111000000000000000000000001111110000000000000111111111111111111
1111111111111111111111111000000000011111000000000000000000000000111110000000000000111111111111111111
1111111111111111111111111100000000111111000000000000000000000000111110000000000001111111111111111111
1111111111111111111111111111000011111110000000000000000000000000011110000000000001111111111111111111
1111111111111111111111111111111111111110000000000000000000000000001111000000000111111111111111111111
1111111111111111111111111111111111111110000000000001000000000000001111110000001111111111111111111111
1111111111111111111111111111111111111110000000001111111000000000011111111111111111111111111111111111
1111111111111111111111111111111111111111111111111111111111111111111111111111111111111111111111111111
1111111111111111111111111111111111111111111111111111111111111111111111111111111111111111111111111111
1111111111111111111111111111111111111111111111111111111111111111111111111111111111111111111111111111
