0000000000000000000000000000000000000000000000000000000000000000000000000000000000000000000000000000
0000000000000000000000000000000000000000000000000000000000000000000000000000000000000000000000000000
0000000000000000000000000000000000000000000000000000000000000000000000000000000000000000000000000000
0000000000000000000000000000000000000000000000000000000000000000000000000000000000000000000000000000
0000000000000000000000000000000000000000000000000000000000000000000000000000000000000000000000000000
0000000000000000000000000000000000000000000000000000000000000000000000000000000000000000000000000000
0000000000000000000000000000000000000000001111000000000000000000000000000000000000000000000000000000
0000000000000000000000000000000000000011110111100000011111000000000000000000000000000000000000000000
0000000000000000000000000000000000001110011111110000111111111100000000000000000000000000000000000000
0000000000000000000000000000000000011011100001111111111111110110000000000000000000000000000000000000
0000000000000000000000000000000001100110111111111111111110011101100000000000000000000000000000000000
0000000000000000000000000000000010011111111000000010000111110011010000000000000000000000000000000000
0000000000000000000000000000000100111101100000000000000000111101101100000000000000000000000000000000
0000000000000000000000000000001011110011000000000000000000011111010100000000000000000000000000000000
0000000000000000000000000000011111000010000000000000000000001101111010000000000000000000000000000000
0000000000000000000000000000011100000100000000000000000000000100011111000000000000000000000000000000
0000000000000000000000000000111000000000000000000000000000000000001111000000000000000000000000000000
0000000000000000000000000000111000000000000000000001111110000000000111000000000000000000000000000000
0000000000000000000000000001111000000000000000011111000001111000000010000000000000000000000000000000
0000000000000000000000000010010000000000000001100000000000000110000011000000000000000000000000000000
0000000000000000000000000110000000000000001110000000011111000001110001000000000000000000000000000000
0000000000000000000000000100000000000000011100000011111111111000011000100000000000000000000000000000
0000000000000000000000001100000000000000010000001110000000001110001000100000000000000000000000000000
0000000000000000000000001000000000000000100000011000000000000011001100010000000000000000000000000000
0000000000000000000000001000000000000001100000110000000000000001100100010000000000000000000000000000
0000000000000000000000010000000000000001000001100000000000000000110010010000000000000000000000000000
0000000000000000000000010000000000000011000011000000000000000000011010001000000000000000000000000000
0000000000000000000000010000000000000010000110000000000000000000001001001000000000000000000000000000
0000000000000000000000010000000000000010000110000000000000011110001101111100000000000000000000000000
0000000000000000000000010000000000011110001100000000000000111111001101111110000000000000000000000000
0000000000000000000000110000001111111110001100000000000000110001000100111110000000000000000000000000
0000000000000000000001111111111111101100001100000000000000110011000100111110000000000000000000000000
0000000000000000000000111111111111101100001100000000000000111111000100111110000000000000000000000000
0000000000000000000000111111111111111100001100000000000000111111000100111100000000000000000000000000
0000000000000000000000111111111111111110001100000000000000001100000100100100000000000000000000000000
0000000000000000000000111111111111111110001100000000000000000000000100100100000000000000000000000000
0000000000000000000000011111111111111110001100000000000000000000000100100100000000000000000000000000
0000000000000000000000010000000000011110000100000000000000000000001001000100000000000000000000000000
0000000000000000000000011000000000000010000110000000000000000000001001000100000000000000000000000000
0000000000000000000000001000000000000001000010000000000000000000011001000100000000000000000000000000
0000000000000000000000001000000000000001000011000000000000000000010010000100000000000000000000000000
0000000000000000000000001000000000000000100001100000000000000000100010000100000000000000000000000000
0000000000000000000000001000000000000000110000110000000000000011000100000100000000000000000000000000
0000000000000000000000001000000000000000011000011000000000000110001000000010000000000000000000000000
0000000000000000000000001000000000000000001100001110000000111100011000000010000000000000000000000000
0000000000000000000000001000000000000000000010000011111111110000111000000010000000000000000000000000
0000000000000000000000001000000000000000000011100000000000000011000000000010000000000000000000000000
0000000000000000000000001000000000000000000000111000000000001110000000000010000000000000000000000000
0000000000000000000000001000000000000000000000000111111111110000000000000010000000000000000000000000
0000000000000000000000001000000000000000000000000000000110000000000000000010000000000000000000000000
0000000000000000000000001000000000000000000000000000000000000000000000000001000000000000000000000000
0000000000000000000000001000000000000000000000000000000000000000000000000001100000000000000000000000
0000000000000000000000000100000000000000000000000000000000000000000000000001100000000000000000000000
0000000000000000000000000100000000000000000000000000000000000001100000000011100000000000000000000000
0000000000000000000000000100000000000000000000001000000000000110000000000011100000000000000000000000
0000000000000000000000000100000000000000000000000111110001111000000000000111100000000000000000000000
0000000000000000000000001100000000000000000000000000000000000000000000000111100000000000000000000000
0000000000000000000000001110000000000000000000000000000000000000000000001111100000000000000000000000
0000000000000000000000001111000000000000000000000000000000000000000000011111110000000000000000000000
0000000000000000000000001111110000000000000000000000000000000000000001111111110000000000000000000000
0000000000000000000000001111111000000000000000000000000000000000011111111111001000000000000000000000
0000000000000000000000000111111110000000000000000000000000000111111111111110001000000000000000000000
0000000000000000000000000111111111000000000000000000001111111111111111001110000100000000000000000000
0000000000000000000000000111111111111111111111111111111111111111111110001100100100000000000000000000
0000000000000000000000001001111111111111111111111111111111111111111111111000100010000000000000000000
0000000000000000000000001000011111111111111111111111111111111111111111111000010010000000000000000000
0000000000000000000000001000001111110001111111111111111111111111111111111000010011000000000000000000
0000000000000000000000010000000011110001111111111111110000011011111111111000010001000000000000000000
0000000000000000000000010000000000111011111111110111111111111111111111111000010001000000000000000000
0000000000000000000000010000000000011111111111110111110011111111111111111000010001100000000000000000
0000000000000000000000100001000000011111111111110111110001111111111111111000010000100000000000000000
0000000000000000000000100001000000001111111111111111100110011111111111111000111000100000000000000000
0000000000000000000000100011000000001111111111111111001111111111111111111111111110100000000000000000
0000000000000000000001000011000000001111111111111111001110011101111111111111111111110000000000000000
0000000000000000000001000011000000001111111111111111100100111101111111111111111111010000000000000000
0000000000000000000001000011000000001111111111111011110001111011111111111111111111110000000000000000
0000000000000000000001000111000000001111111111111001111011110111111111111111111111100000000000000000
0000000000000000000001000111111111111111111111111110111110001111111111111111111111000000000000000000
0000000000000000000001011111111111111111111111111111110011111111111111111111111100000000000000000000
0000000000000000000001000001111111111111111111111111111111111111111111111111110000000000000000000000
0000000000000000000001000001111101111111111111111111111111111111111111111111110000000000000000000000
0000000000000000000001000001111111111111111111111111111111111111111111111111100000000000000000000000
0000000000000000000000110001111111111111111111111111111111111111111111111111000000000000000000000000
0000000000000000000000011111111111111111111111111111111111111111111111111110000000000000000000000000
0000000000000000000000000011111111111111111111111111111111111111111111111000000000000000000000000000
0000000000000000000000000000111111111111111111111111111111111111111111100000000000000000000000000000
0000000000000000000000000000001111111111111111111111111111111111111110000000000000000000000000000000
0000000000000000000000000000000111111111111111111111111111111111110000000000000000000000000000000000
0000000000000000000000000000000001111111111111111111111111111111100000000000000000000000000000000000
0000000000000000000000000000000000111111111111111111100111111111100000000000000000000000000000000000
0000000000000000000000000000000000000000000111111111100111111111100000000000000000000000000000000000
0000000000000000000000000000000000000000001111111111100111111111000000000000000000000000000000000000
0000000000000000000000000000000000000000011111111111100011111111000000000000000000000000000000000000
0000000000000000000000000000000000000000111111111111100011111111000000000000000000000000000000000000
0000000000000000000000000000000000000000111111111111100001111111100000000000000000000000000000000000
0000000000000000000000000000000000000000111111111000000001111111100000000000000000000000000000000000
0000000000000000000000000000000000000000111110000000000000011111000000000000000000000000000000000000
0000000000000000000000000000000000000000000000000000000000000000000000000000000000000000000000000000
0000000000000000000000000000000000000000000000000000000000000000000000000000000000000000000000000000
0000000000000000000000000000000000000000000000000000000000000000000000000000000000000000000000000000