00000011111100000000000000000000000000111111000000
00001111111111100000000000000000000111111111110000
00111100000001110000000000000000001110000000011100
01110011111000011000000000000000011100111110001110
01100100000010001100000000000000110001000001100110
11001000000001001100000000000000110010000000010011
11010000000000100111111111111101100100000000001001
10010000000000100111000000000111100000000000001001
10100000000000000000000000000000001000000000001001
10100000000000000000000000000000001000000000001001
10100000000000000000000000000000000000000000001001
10010000000000000000000000000000000000000000001001
10010000000000000000000000000000000000000000001001
11001000000000000000000000000000000000000000010011
11000100000000000000000000000000000000000000100011
01100011100000000000000000000000000000000111000110
00110000000000000111100000001111000000000000001100
00011100000000001100010000001100100000000000111000
00001110000000001110110000011101100000000011110000
00000010000000001111110000011111110000000001000000
00000110000000001111110000011111100000000001000000
00000100000000001111110000001111100000000001000000
00000100000000000111100000001111000000000001100000
00000100000000000000000010000000000000000001100000
00000100000000000000111111111000000000000001100000
00000100000000000001100000000110000000000000100000
00000100000000000010000000000011000000000000100000
00000100000000000100000000000001100000000001100000
00000100000000001000000111100000110000000001100000
00000100000000011000001111100000010000000001100000
00000110000000010000001111100000010000000001000000
00000110000000010000001111100000001000000001000000
00000010000000010000001111100000001000000011000000
00000011000000010000000111000000001000000010000000
00000001000000010100000011000000001000000110000000
00000001100000010110000111000001101000000100000000
00000000100000010011111100110111011000001100000000
00000000110000010001111000011100010000011000000000
00000000011000001000000000000000010000010000000000
00000000001100001100000000000000100000100000000000
00000000000110000110000000000001000011100000000000
00000000000011000011000000000110000111000000000000
00000000000001110000110000011100011100000000000000
00000000000000011100001111110001111000000000000000
00000000000000000111111000011111100000000000000000
00000000000000000000111111111100000000000000000000
00000000000000000000000000000000000000000000000000
00000000000000000000000000000000000000000000000000
00000000000000000000000000000000000000000000000000
00000000000000000000000000000000000000000000000000

