000000000000000000000000000000000000000000000000000000000000000000000000000000000000000000000000000000000000000000000000
000000000000000000000000000000000000000000000000000000000000000000000000000000000000000000000000000000000000000000000000
000000000000000000000000000000000000000000000000000000000000000000000000000000000000000000000000000000000000000000000000
000000000000000000000000000000000000000000000000000000000000000000000000000000000000000000000000000000000000000000000000
000000000000000000000000000000000000000000000000000000000000000000000000000000000000000000000000000000000000000000000000
000000000000000000000000000000000000000000000000000000000000000000000000000000000000000000000000000000000000000000000000
000000000000000000000000000000000000000000000000000000000000000000000000000000000000000000000000000000000000000000000000
000000000000000000000000000000000000000000000000000000000000000000000000000000000000000000000000000000000000000000000000
000000000000000000000000000000000000000000000000000000000000000000000000000000000000000000000000000000000000000000000000
000000000000000000000000000000000000000000000000000000000000000000000000000000000000000000000000000000000000000000000000
000000000000000000000000000000000000000000000000000000000000000000000000000000000000000000000000000000000000000000000000
000000000000000000000000000000000000000000000000000000000000000000000000000000000000000000000000000000000000000000000000
000000000000000000000000000000000000000000000000000000000000000000000000000000000000000000000000000000000000000000000000
000000000000000000000000000000000000000000000000000000000000000000000000000000000000000000000000000000000000000000000000
000000000000000000000000000000000000000000000000000000000000000000000000000000000000000000000000000000000000000000000000
000000000000000000000000000000000000000000000000000000000000000000000000000000000000000000000000000000000000000000000000
000000000000000000000000000000000000000000000000000000000000000000000000000000000000000000000000000000000000000000000000
000000000000000000000000000000000110000000000000000000000000000000000000000000000000000000000000000000000000000000000000
000000000000000000000000000000011011100000000000000000000000011100000000000000000000000000000000000000000000000000000000
000000000000000000000000000000110000110000000000000000000000110111000000000000000000000000000000000000000000000000000000
000000000000000000000000000001100000011000000000000000000001000001000000000000000000000000000000000000000000000000000000
000000000000000000000000000001000000001100111111110000000110000000100000000000000000000000000000000000000000000000000000
000000000000000000000000000001001110000111111110011111111100000100010000000000000000000000000000000000000000000000000000
000000000000000000000000000001001111100000001111100000110000111100010000000000000000000000000000000000000000000000000000
000000000000000000000000000001011111000000111111101111100000111000110000000000000000000000000000000000000000000000000000
000000000000000000000000000001001111000001101110111111110001111101100000000000000000000000000000000000000000000000000000
000000000000000000000000000001100010000001011101100111010000111011000000000000000000000000000000000000000000000000000000
000000000000000000000000000000100000000000100011111000100000000010000000000000000000000000000000000000000000000000000000
000000000000000000000000000000100000000000000111011100000000000110000000000000000000000000000000000000000000000000000000
000000000000000000000000000000100000000000110111011111100000000100000000000000000000000000000000000000000000000000000000
000000000000000000000000000000110000001001100011011101110000000100000000000000000000000000000000000000000000000000000000
000000000000000000000000000001100000010011010010101100011010000010000000000000000000000000000000000000000000000000000000
000000000000000000000000000001100010110011010001010000111000100011000000000000000000000000000000000000000000000000000000
000000000000000000000000000011000101111001000000000000011001100011000000000000000000000000000000000000000000000000000000
000000000000000000000000000011000101011111110000000000011010110001000000000000000000000000000000000000000000000000000000
000000000000000000000000000010001101001011110000000001111110110000100000000000000000000000000000000000000000000000000000
000000000000000000000000000111001101001010111000000001111010111001100000000000000000000000000000000000000000000000000000
000000000000000000000000000010011101011101111000000001011011111001100000000000000000000000000000000000000000000000000000
000000000000000000000000000111001101010000001000000001110111111000100000000000000000000000000000000000000000000000000000
000000000000000000000000000010011111101100001000000001000101111001100000000000000000000000000000000000000000000000000000
000000000000000000000000000010001110101100000000000001000011110001000000000000000000000000000000000000000000000000000000
000000000000000000000000000011001111110110000000000000001010111001000000000000000000000000000000000000000000000000000000
000000000000000000000000000011000111110010000000000000001000110011000000000000000000000000000000000000000000000000000000
000000000000000000000000000001000001111010000000000000001001110001000000000000000000000000000000000000000000000000000000
000000000000000000000000000001100000010010000000000010001011000011000000000000000000000000000000000000000000000000000000
000000000000000000000000000011100000001010000111101110001110000010000000000000000000000000000000000000000000000000000000
000000000000000000000000000011101000001111000110000110001100000100000000000000000000000000000000000000000000000000000000
000000000000000000000000000011111010000110000011001100101100111100000000000000000000000000000000000000000000000000000000
000000000000000000000000000111111110000101100001110000011111111100000000000000000000000000000000000000000000000000000000
000000000000000000000000000100111110000111000000110000001111111100000000000000000000000000000000000000000000000000000000
000000000000000000000000000100001111000110110000110001111111011010000000000000000000000000000000000000000000000000000000
000000000000000000000000000100000111000011000001111000011110011011000000000000000000000000000000000000000000000000000000
000000000000000000000000001110000011100001111110000111111100011011100000000000000000000000000000000000000000000000000000
000000000000000000000000001110000001110000110000000001110000011001110000000000000000000000000000000000000000000000000000
000000000000000000000000001110000000111000110000000001100000011001111000000000000000000000000000000000000000000000000000
000000000000000000000000011111000000011110110000000001000000110001111100000000000000000000000000000000000000000000000000
000000000000000000000000010011100000001111111100000110000000110001111110000000000000000000000000000000000000000000000000
000000000000000000000000010001111000000001111111110000000001100000111111000000000000000000000000000000000000000000000000
000000000000000000000000010000111100000000111111000000001111000000011111100000000000000000000000000000000000000000000000
000000000000000000000000110000001110000000011110000001111100000000011111110000000000000000000000000000000000000000000000
000000000000000000000000110000000111000000010100000111110000000000011111111000000000000000000000000000000000000000000000
000000000000000000000000110000000001100000000000001111000000000000011101101110000000000000000000000000000000000000000000
000000000000000000000000110000000000110000000000001100000000000000011101100111100000000000000000000000000000000000000000
000000000000000000000000110010000000010000000000011000000001000000001001100111110000000000000000000000000000000000000000
000000000000000000000000010001000000011000000000110000000010000100001001110111111100000000000000000000000000000000000000
000000000000000000000000010001000000001100000001100000000100000100001001110111101110000000000000000000000000000000000000
000000000000000000000000010000100000000100000001000000001100000100001001100111001111000000000000000000000000000000000000
000000000000000000000000011000110000000010000010000000011000001100001001100110001111100000000000000000000000000000000000
000000000000000000000000011000011000000000000000000000110000011110000001100110001111110000000000000000000000000000000000
000000000000000000000000011100001100000000000000000001100000111010000011000110011110010000000000000000000000000000000000
000000000000000000000000001111000100000000000000000011001111111010000011001100111100011000000000000000000000000000000000
000000000000000000000000001001100110000000000000000100011001110001000010011001110000111100000000000000000000000000000000
000000000000000000000000001000110001000000000000000000110001000001000100011011100001111100000000000000000000000000000000
000000000000000000000000001000011000100000000000000001100010000101000000110111000111111110000000000000000000000000000000
000000000000000000000000001010001000000000000000000011000000000101000000110110011110000110000000000000000000000000000000
000000000000000000000000001001001100000000000000000110000000001001100000101100011000000011000000000000000000000000000000
000000000000000000000000001101110110000000000000011100110000111001100001101100110000000001000000000000000000000000000000
000000000000000000000000001110011110000000000000011111111111110001000001101000100000000011000000000000000000000000000000
000000000000000000000000001011001111000000000000110000000111000001000101101001100000000011000000000000000000000000000000
000000000000000000000000001000000111101000000000110011100000000011000101101001000000001111100000000000000000000000000000
000000000000000000000000001000000011100100000001101111111110000010000101001000000000111111100000000000000000000000000000
000000000000000000000000001100000001100100000001111000001100000100000101000000000111111101100000000000000000000000000000
000000000000000000000000001100000000110110000001110000000000001100000101000000011111100001110000000000000000000000000000
000000000000000000000000001100000000100010000011000000000000001000001111000001100000000011111100000000000000000000000000
000000000000000000000000000100000000100010000010000000000000111000001111000010000000000111111111000000000000000000000000
000000000000000000000000000100000000000011000110000000000011110000001010000100000000011111111111111000000000000000000000
000000000000000000000000000110000000000011100100000000011111110010011110000000111111111101111100011110000000000000000000
000000000000000000000000000111000000000011111100000000000000110110011110000011111111100001111100011111100000000000000000
000000000000000000000000000110100000000110111100000000000000100100011100000000000000000001001111111110110000000000000000
000000000000000000000000001111000000000110011000000000000001101100111100000000000000000001000001111110011100000000000000
000000000000000000000000001100000000000100001000000000000011001001111101100000000000000011000000001100111100000000000000
000000000000000000000000001000000000000100011000000000000010011001111111111100000000000010000000000111110010000000000000
000000000000000000000000111000000000001100010000000000000100111011100000000110011100001110000000000001100010000000000000
000000000000000000000111110000000000001100110000000000001101110110000000000011000111111110000000000001001110000000000000
000000000000000000001100000000000000011111100000000000001001111000000000000000110000000100000000000001111110000000000000
000000000000000000011000000000000000010110000000000000001011110000000000000000011100001100000000000011111110000000000000
000000000000000000110000000000000000110100000000000000001111110000000000000000001111111011110000001110001110000000000000
000000000000000000100100010001000000101100000000000000001111110000000000000000000011110000011111111111000100000000000000
000000000000000001101100110001000001101100100010001000001111101001000000000000000000110000000001110111111000000000000000
000000000000000000101100110001000001111100110011001100001000111001001000000000000011111000000001110111110000000000000000
000000000000000000100100010001000011000100010001000100011000011111001000011111111110001110000001111111000000000000000000
000000000000000000011111111111111110000111111111111111110000000011111111110000000000000011111111111100000000000000000000
000000000000000000000001100110011000000001100110111011100000000000000000000000000000000000000000000000000000000000000000
000000000000000000000000000000000000000000000000000000000000000000000000000000000000000000000000000000000000000000000000
000000000000000000000000000000000000000000000000000000000000000000000000000000000000000000000000000000000000000000000000
000000000000000000000000000000000000000000000000000000000000000000000000000000000000000000000000000000000000000000000000
000000000000000000000000000000000000000000000000000000000000000000000000000000000000000000000000000000000000000000000000
000000000000000000000000000000000000000000000000000000000000000000000000000000000000000000000000000000000000000000000000
000000000000000000000000000000000000000000000000000000000000000000000000000000000000000000000000000000000000000000000000
000000000000000000000000000000000000000000000000000000000000000000000000000000000000000000000000000000000000000000000000
000000000000000000000000000000000000000000000000000000000000000000000000000000000000000000000000000000000000000000000000
000000000000000000000000000000000000000000000000000000000000000000000000000000000000000000000000000000000000000000000000
000000000000000000000000000000000000000000000000000000000000000000000000000000000000000000000000000000000000000000000000
000000000000000000000000000000000000000000000000000000000000000000000000000000000000000000000000000000000000000000000000
000000000000000000000000000000000000000000000000000000000000000000000000000000000000000000000000000000000000000000000000
000000000000000000000000000000000000000000000000000000000000000000000000000000000000000000000000000000000000000000000000
000000000000000000000000000000000000000000000000000000000000000000000000000000000000000000000000000000000000000000000000
000000000000000000000000000000000000000000000000000000000000000000000000000000000000000000000000000000000000000000000000
000000000000000000000000000000000000000000000000000000000000000000000000000000000000000000000000000000000000000000000000
000000000000000000000000000000000000000000000000000000000000000000000000000000000000000000000000000000000000000000000000